versicolor, setosa
accuracy: [1.0, 0.9666666666666667, 0.9333333333333333, 1.0, 1.0]
error: [0.0, 0.03333333333333333, 0.06666666666666667, 0.0, 0.0]

virginica
accuracy: [1.0, 0.9333333333333333, 0.9666666666666667, 0.9333333333333333, 0.9333333333333333]
error: [0.0, 0.06666666666666667, 0.03333333333333333, 0.06666666666666667, 0.06666666666666667]
